agents,utilities
"('MCTS-UCB1GRAVE-0.6-Random4' / 'MCTS-UCB1-0.1-NST')","-1.0;1.0"
"('MCTS-UCB1GRAVE-0.6-Random4' / 'MCTS-UCB1-0.1-NST')","-1.0;1.0"
"('MCTS-UCB1GRAVE-0.6-Random4' / 'MCTS-UCB1-0.1-NST')","-1.0;1.0"
"('MCTS-UCB1GRAVE-0.6-Random4' / 'MCTS-UCB1-0.1-NST')","-1.0;1.0"
"('MCTS-UCB1GRAVE-0.6-Random4' / 'MCTS-UCB1-0.1-NST')","-1.0;1.0"
"('MCTS-UCB1GRAVE-0.6-Random4' / 'MCTS-UCB1-0.1-NST')","-1.0;1.0"
"('MCTS-UCB1GRAVE-0.6-Random4' / 'MCTS-UCB1-0.1-NST')","-1.0;1.0"
"('MCTS-UCB1GRAVE-0.6-Random4' / 'MCTS-UCB1-0.1-NST')","-1.0;1.0"
"('MCTS-UCB1GRAVE-0.6-Random4' / 'MCTS-UCB1-0.1-NST')","-1.0;1.0"
"('MCTS-UCB1GRAVE-0.6-Random4' / 'MCTS-UCB1-0.1-NST')","1.0;-1.0"
"('MCTS-UCB1-0.1-NST' / 'MCTS-UCB1GRAVE-0.6-Random4')","1.0;-1.0"
"('MCTS-UCB1-0.1-NST' / 'MCTS-UCB1GRAVE-0.6-Random4')","1.0;-1.0"
"('MCTS-UCB1-0.1-NST' / 'MCTS-UCB1GRAVE-0.6-Random4')","-1.0;1.0"
"('MCTS-UCB1-0.1-NST' / 'MCTS-UCB1GRAVE-0.6-Random4')","-1.0;1.0"
"('MCTS-UCB1-0.1-NST' / 'MCTS-UCB1GRAVE-0.6-Random4')","1.0;-1.0"
"('MCTS-UCB1-0.1-NST' / 'MCTS-UCB1GRAVE-0.6-Random4')","1.0;-1.0"
"('MCTS-UCB1-0.1-NST' / 'MCTS-UCB1GRAVE-0.6-Random4')","1.0;-1.0"
"('MCTS-UCB1-0.1-NST' / 'MCTS-UCB1GRAVE-0.6-Random4')","1.0;-1.0"
"('MCTS-UCB1-0.1-NST' / 'MCTS-UCB1GRAVE-0.6-Random4')","1.0;-1.0"
"('MCTS-UCB1-0.1-NST' / 'MCTS-UCB1GRAVE-0.6-Random4')","1.0;-1.0"
